                             1.22689e-03                                                81.3784
                             1.93351e-03                                                82.0068
                             3.88665e-03                                                82.8884
                             5.76657e-03                                                83.4272
                             7.62792e-03                                                83.8348
                             9.64828e-03                                                84.1983
                             1.92936e-02                                                85.3704
                             3.97824e-02                                                86.7110
                             6.01810e-02                                                87.4728
                             7.93797e-02                                                87.9690
                             9.96745e-02                                                88.3772
                             1.19780e-01                                                88.7091
                             1.40017e-01                                                88.9718
                             1.60272e-01                                                89.2036
                             1.79932e-01                                                89.3987
                             1.99954e-01                                                89.5920
                             2.20201e-01                                                89.7683
                             2.40192e-01                                                89.9345
                             2.60304e-01                                                90.0896
                             2.80499e-01                                                90.2472
                             3.00925e-01                                                90.3799
                             3.33662e-01                                                90.5855
                             3.67357e-01                                                90.7646
                             4.00612e-01                                                90.9274
                             4.32904e-01                                                91.0724
                             4.66176e-01                                                91.2091
                             5.00469e-01                                                91.3984
                             5.33907e-01                                                91.5937
                             5.67028e-01                                                91.7936
                             6.00028e-01                                                91.9742
                             6.33086e-01                                                92.2253
                             6.66163e-01                                                92.4601
                             7.00407e-01                                                92.7009
                             7.32553e-01                                                92.9199
                             7.66874e-01                                                93.1405
                             7.99521e-01                                                93.3688
                             8.32728e-01                                                93.6289
                             8.65683e-01                                                93.9065
                             8.99673e-01                                                94.2566
                             9.09155e-01                                                94.4250
                             9.20156e-01                                                94.6459
                             9.29848e-01                                                94.9070
                             9.40031e-01                                                95.2762
                             9.49520e-01                                                95.6114
                             9.59569e-01                                                96.4056
                             9.69851e-01                                                97.6458
                             9.74405e-01                                                98.7042
                             9.79154e-01                                                99.9942
                             9.84183e-01                                               102.1021
                             9.88880e-01                                               104.9413
                             9.91735e-01                                               107.4816
                             9.94742e-01                                               110.5996
                             9.92361e-01                                               110.0042
                             9.90931e-01                                               109.3324
                             9.85909e-01                                               107.0445
                             9.80526e-01                                               104.5117
                             9.75404e-01                                               102.8044
                             9.70390e-01                                               101.3812
                             9.60608e-01                                                99.1055
                             9.50199e-01                                                97.3671
                             9.41101e-01                                                96.4301
                             9.31181e-01                                                95.9192
                             9.19471e-01                                                95.4862
                             9.09122e-01                                                95.2579
                             9.00022e-01                                                95.0829
                             8.65728e-01                                                94.7357
                             8.32190e-01                                                94.4933
                             7.98852e-01                                                94.3722
                             7.64923e-01                                                94.2824
                             7.33628e-01                                                94.2854
                             7.00464e-01                                                94.1718
                             6.66377e-01                                                94.0325
                             6.31736e-01                                                93.9227
                             5.99945e-01                                                93.8209
                             5.66649e-01                                                93.7564
                             5.33385e-01                                                93.6611
                             4.99164e-01                                                93.5874
                             4.66309e-01                                                93.2080
                             4.33556e-01                                                92.2269
                             4.20055e-01                                                91.9397
                             4.00264e-01                                                91.4469
                             3.80742e-01                                                91.1779
                             3.67052e-01                                                91.0235
                             3.32657e-01                                                90.8449
                             3.00054e-01                                                90.6473
                             2.79706e-01                                                90.5177
                             2.60235e-01                                                90.3773
                             2.39700e-01                                                90.2230
                             2.20405e-01                                                90.0749
                             2.00090e-01                                                89.9391
                             1.80424e-01                                                89.7654
                             1.60502e-01                                                89.5727
                             1.40564e-01                                                89.3638
                             1.20568e-01                                                89.1220
                             1.00760e-01                                                88.8287
                             4.99868e-02                                                87.6224
                             2.59255e-02                                                86.4402
                             1.04730e-02                                                84.8694