 2  	          3.8366342225        0.4487724262
 12  	         63.8527588194        5.1510310257
 24  	         80.5751474552        0.8401378787
 36  	         84.9324862549        1.5798395480
 48  	         87.3643838757        2.2188403999
 60  	         88.4586406586        1.9610725704
 72  	         89.8629886749        0.9762741135
 84  	         89.9711449738        0.6013711360
 92  	         90.3072714359        0.7479249819


 100  	         90.5733229786        0.5847527738
 200  	         91.6758695857        0.8149010193
 300  	         92.4890495198        0.5466872525
 400  	         92.7497903939        0.4763491266
 500  	         92.9045769535        0.6045380345
 600  	         92.9664915773        0.3867088551
 700  	         93.1193352094        0.2159034594


 974  	         93.2337088765        0.3669006334
 1461  	         93.3448443310        0.4104000968
 1948  	         93.2474388977        0.3379322899
 2435  	         93.9755186061        1.2434536479
 2922  	         93.6835613631        1.1314070770
 3409  	         93.5781251627        0.5728614392
 3896  	         93.4717822627        0.6170591002

3900  93.8823746605 0.2863915585
7700 94.4336738698 0.2745667614
11500 95.0842048642 1.3634451434
15300 95.6151033344 1.0187239223
19100 95.4579334504 0.9131525912
22900 96.1044490613 1.2416451707
26700 95.7612244373 0.8978742212
30500 96.5584464600 2.0264759594
39360 96.5144067694 1.8269667838
48220 96.7099948071 1.8516412432
57080 99.2587271364 1.5122914051
65940 97.9700480723 1.4044599066
74800 97.9590381497 1.6988794357
83660 98.5230052464 1.3159204859
92520 99.1925380720 2.1704409841
101380 98.4083725223 1.7913355533